keyword,doc_hits_base,doc_hits_trained,lift
identify,599,674,75
how,108,175,67
local,227,288,61
conditions,138,197,59
farmers,158,217,59
through,80,139,59
plants,132,188,56
prepare,162,217,55
strategies,58,113,55
soil,366,420,54
practices,216,269,53
plan,135,187,52
based,232,281,49
monitor,383,432,49
plant,158,207,49
water,340,389,49
regularly,216,263,47
sustainable,109,156,47
specific,80,125,45
growth,136,179,43
needed,69,112,43
pests,99,142,43
improve,31,72,41
like,77,118,41
maintain,88,129,41
support,39,80,41
farming,253,293,40
when,72,112,40
crops,120,157,37
methods,97,134,37
appropriate,92,128,36
during,61,97,36
future,35,70,35
around,52,86,34
health,192,226,34
techniques,131,165,34
proper,76,109,33
crop,200,232,32
management,75,107,32
new,77,109,32
share,41,73,32
consider,62,93,31
diseases,70,101,31
encourage,52,83,31
after,45,75,30
avoid,86,116,30
needs,63,93,30
research,254,284,30
adjust,132,160,28
include,148,176,28
agricultural,164,191,27
areas,76,103,27
harvest,121,148,27
agriculture,130,156,26
all,128,154,26
develop,140,166,26
location,36,62,26
necessary,199,225,26
organic,114,140,26
determine,75,100,25
implement,203,228,25
moisture,95,120,25
test,59,84,25
potential,57,81,24
prevent,131,155,24
system,93,117,24
choose,115,138,23
pests diseases,57,80,23
seeds,79,102,23
suitable,194,217,23
environmental,107,129,22
planting,99,121,22
use,205,227,22
benefits,54,75,21
clean,67,88,21
create,48,69,21
weeds,57,78,21
according,79,99,20
key,154,174,20
safety,208,228,20
area,46,65,19
each,60,79,19
identify specific,39,58,19
retain moisture,33,52,19
start,50,69,19
collaborate,51,69,18
identify key,135,153,18
mulch around,24,41,17
promote,34,51,17
quality,54,71,17
around plants,23,39,16
content,53,69,16
ensure,259,275,16
soil health,89,105,16
tools,72,88,16
weather conditions,11,27,16
add,28,43,15
enhance,47,62,15
gather,40,55,15
optimal,81,96,15
organic matter,25,40,15
sustainable farming,30,45,15
using,124,139,15
harvesting,54,68,14
install,74,88,14
plants retain,21,35,14
prepare soil,36,50,14
any,89,102,13
impact,60,73,13
moisture suppress,33,46,13
control,62,74,12
cover,51,63,12
farm,122,134,12
farming techniques,17,29,12
provide,74,86,12
schedule,65,77,12
suppress weeds,31,43,12
technology,48,60,12
weather,67,79,12
when reach,15,27,12
adding compost,21,32,11
climate,110,121,11
livestock,68,79,11
materials,62,73,11
production,43,54,11
choose appropriate,11,21,10
ensure proper,9,19,10
improve soil,8,18,10
plant seeds,16,26,10
rotate crops,10,20,10
such,31,41,10
sustainable agriculture,15,25,10
apply,97,106,9
check,69,78,9
common,14,23,9
equipment,81,90,9
pest,82,91,9
signs,55,64,9
companion planting,5,13,8
data,64,72,8
environmental impact,11,19,8
future reference,8,16,8
including,50,58,8
monitor progress,4,12,8
notes,7,15,8
reduce,59,67,8
regularly inspect,6,14,8
soil adding,10,18,8
soil fertility,5,13,8
sunlight,45,53,8
gather feedback,5,12,7
irrigation system,16,23,7
management strategies,7,14,7
monitor pests,24,31,7
pest management,12,19,7
strategies based,1,8,7
systems,122,129,7
water supply,4,11,7
based weather,3,9,6
climate change,5,11,6
collaborate local,16,22,6
compost,69,75,6
crops annually,9,15,6
feedback,60,66,6
identify areas,13,19,6
local communities,6,12,6
mention,2,8,6
soil structure,11,17,6
sustainable practices,6,12,6
air circulation,9,14,5
analyze,96,101,5
before,82,87,5
case studies,3,8,5
crop yields,17,22,5
design,50,55,5
evaluate effectiveness,5,10,5
farming practices,43,48,5
organic fertilizers,15,20,5
plant health,8,13,5
select appropriate,9,14,5
train,52,57,5
according manufacturer,10,14,4
based soil,7,11,4
best practices,17,21,4
compost organic,6,10,4
irrigation systems,35,39,4
local farmers,12,16,4
maintain soil,9,13,4
monitor plants,5,9,4
rainwater harvesting,11,15,4
regularly signs,6,10,4
research latest,9,13,4
select,69,73,4
soil conditions,24,28,4
water conservation,20,24,4
water plants,20,24,4
weather forecasts,16,20,4
challenges faced,7,10,3
climate soil,17,20,3
farming methods,16,19,3
growing season,8,11,3
regularly check,8,11,3
removing weeds,8,11,3
rotation,68,71,3
seeds seedlings,17,20,3
social media,31,34,3
suitable location,11,14,3
type,43,46,3
water usage,19,22,3
analyze how,8,10,2
efficiency,53,55,2
food security,7,9,2
health regularly,11,13,2
local climate,36,38,2
organic farming,10,12,2
plant growth,15,17,2
research local,17,19,2
schedule regular,4,6,2
signs pests,7,9,2
tool,12,14,2
train staff,14,16,2
based local,9,10,1
beneficial insects,15,16,1
criteria,6,7,1
current,65,66,1
establish,72,73,1
gather necessary,12,13,1
harvest crops,11,12,1
implement crop,17,18,1
management practices,6,7,1
necessary tools,21,22,1
optimal growth,5,6,1
plants regularly,9,10,1
train farmers,11,12,1
validation,131,132,1
vertical farming,17,18,1
water management,7,8,1
add safety,0,0,0
agricultural practices,28,28,0
assess soil,13,13,0
checks tool,0,0,0
choose suitable,21,21,0
common pitfalls,0,0,0
control methods,6,6,0
cover crops,30,30,0
drip irrigation,18,18,0
enhance soil,13,13,0
environmental safeguards,0,0,0
how avoid,1,1,0
include measurement,0,0,0
local agricultural,5,5,0
measurement,113,113,0
measurement units,111,111,0
media platforms,12,12,0
mention common,0,0,0
monitor soil,19,19,0
notes add,0,0,0
notes include,0,0,0
notes mention,0,0,0
pitfalls,0,0,0
pitfalls how,0,0,0
plan notes,0,0,0
practices notes,0,0,0
prep,1,1,0
prep validation,0,0,0
safeguards,0,0,0
safety checks,3,3,0
tool prep,0,0,0
units,112,112,0
units environmental,0,0,0
validation criteria,0,0,0
apply organic,15,14,-1
climate conditions,12,11,-1
crop rotation,63,62,-1
develop comprehensive,7,6,-1
ensure all,31,30,-1
irrigation,118,117,-1
local regulations,21,20,-1
moisture levels,26,25,-1
monitor evaluate,7,6,-1
pest control,19,18,-1
checks,145,143,-2
educate farmers,18,16,-2
evaluate,110,108,-2
soil moisture,34,32,-2
soil quality,8,6,-2
soil type,11,9,-2
areas needing,14,11,-3
assess local,11,8,-3
identify suitable,58,55,-3
local authorities,10,7,-3
performance,44,40,-4
agricultural experts,6,1,-5
assess current,21,15,-6
based feedback,9,3,-6
nutrient levels,11,4,-7
levels,83,75,-8
ensuring,53,44,-9
nutrient,67,50,-17
assess,200,160,-40
